模式预报结果（单位：位势十米）
 548.0  522.0  519.0  518.0  518.0  518.0  519.0  520.0  524.0  536.0  547.0  553.0  557.0  557.0  554.0  547.0  546.0  547.0  550.0  557.7
 529.0  523.0  519.8  516.8  516.8  516.7  518.2  520.5  527.8  533.9  541.5  546.7  547.3  545.0  541.8  542.1  544.2  550.3  555.2  555.0
 538.0  527.8  524.1  519.6  519.2  518.1  518.9  520.1  526.6  533.4  541.2  546.5  547.8  545.7  541.3  539.8  539.3  544.4  548.0  552.0
 547.0  535.7  530.5  523.5  521.1  518.1  518.0  518.7  524.2  529.2  536.6  541.7  542.7  540.8  535.7  533.6  532.1  537.9  542.2  552.0
 553.0  542.4  537.6  531.0  528.4  524.1  523.4  523.0  528.1  532.1  538.9  543.3  544.4  542.1  534.9  528.9  523.0  528.5  533.4  551.0
 558.0  549.7  544.8  538.5  535.9  531.0  529.9  529.0  532.9  535.2  541.3  544.3  545.0  542.2  533.5  525.3  517.4  524.5  529.4  556.0
 559.0  553.7  549.4  544.6  543.3  539.0  538.1  535.9  537.6  538.4  544.3  546.6  548.1  546.1  538.3  529.0  518.5  526.7  528.3  560.0
 559.0  557.9  554.3  550.5  549.2  545.1  544.3  541.2  542.6  542.9  548.2  550.6  551.7  552.1  547.7  541.8  530.9  539.5  538.5  564.0
 554.0  557.3  555.0  553.0  552.5  549.8  549.3  546.5  547.2  547.7  551.3  554.3  554.7  556.7  554.9  553.8  543.7  549.9  544.9  566.0
 554.0  557.5  556.4  555.6  555.6  554.0  554.0  552.1  553.0  553.6  556.5  560.0  560.0  563.9  562.5  565.6  556.2  561.9  555.4  570.0
 559.0  560.6  558.3  557.7  557.1  556.3  557.9  557.2  558.6  559.3  561.8  564.4  564.0  568.4  567.0  571.5  562.8  568.0  561.8  574.0
 567.0  568.6  565.5  565.8  564.1  562.9  563.8  563.4  564.3  565.2  567.3  568.8  567.7  572.1  571.5  577.2  570.6  575.5  570.0  577.0
 573.0  572.8  570.0  570.7  568.6  568.3  568.3  567.8  568.5  569.5  570.5  572.1  570.9  573.7  572.7  577.7  572.4  577.3  572.6  580.0
 577.0  576.4  574.0  575.6  574.0  574.0  573.3  572.8  572.4  573.4  574.4  576.8  576.3  578.5  577.3  581.2  577.9  582.0  578.4  584.0
 578.0  577.3  575.4  576.0  574.0  573.8  572.5  571.6  570.5  572.9  573.7  577.2  576.5  579.5  578.7  581.2  578.8  581.9  579.2  586.0
 566.3  581.0  580.0  580.0  578.0  578.0  577.0  575.0  575.0  578.0  580.0  582.0  583.0  584.0  584.0  585.0  585.0  586.0  587.0  570.4
